<?xml version="1.0" encoding="UTF-8" standalone="no"?>
<!-- Created with Inkscape (http://www.inkscape.org/) -->

<svg
   width="240mm"
   height="120mm"
   viewBox="0 0 240 120"
   version="1.1"
   id="svg8"
   inkscape:version="1.2.1 (9c6d41e410, 2022-07-14, custom)"
   sodipodi:docname=".svg"
   xmlns:inkscape="http://www.inkscape.org/namespaces/inkscape"
   xmlns:sodipodi="http://sodipodi.sourceforge.net/DTD/sodipodi-0.dtd"
   xmlns="http://www.w3.org/2000/svg"
   xmlns:svg="http://www.w3.org/2000/svg"
   xmlns:rdf="http://www.w3.org/1999/02/22-rdf-syntax-ns#"
   xmlns:cc="http://creativecommons.org/ns#"
   xmlns:dc="http://purl.org/dc/elements/1.1/">
  <defs
     id="defs2" />
  <sodipodi:namedview
     id="base"
     pagecolor="#ffffff"
     bordercolor="#666666"
     borderopacity="1.0"
     inkscape:pageopacity="0.0"
     inkscape:pageshadow="2"
     inkscape:zoom="0.99437388"
     inkscape:cx="284.6012"
     inkscape:cy="183.02975"
     inkscape:document-units="mm"
     inkscape:current-layer="layer1"
     showgrid="false"
     showborder="true"
     width="200mm"
     showguides="true"
     inkscape:guide-bbox="true"
     inkscape:window-width="936"
     inkscape:window-height="510"
     inkscape:window-x="968"
     inkscape:window-y="554"
     inkscape:window-maximized="1"
     inkscape:showpageshadow="0"
     inkscape:pagecheckerboard="0"
     inkscape:deskcolor="#d1d1d1">
    <inkscape:grid
       type="xygrid"
       id="grid815"
       units="mm"
       spacingx="10"
       spacingy="10"
       empspacing="4"
       dotted="false" />
  </sodipodi:namedview>
  <metadata
     id="metadata5">
    <rdf:RDF>
      <cc:Work
         rdf:about="">
        <dc:format>image/svg+xml</dc:format>
        <dc:type
           rdf:resource="http://purl.org/dc/dcmitype/StillImage" />
        <dc:title />
      </cc:Work>
    </rdf:RDF>
  </metadata>
  <g
     inkscape:label="Layer 1"
     inkscape:groupmode="layer"
     id="layer1"
     transform="translate(0,-177)">
    <path
       style="fill:none;stroke:#000000;stroke-width:0.264583px;stroke-linecap:butt;stroke-linejoin:miter;stroke-opacity:1"
       d="m 50.452429,232.75443 c 3.984123,-9.90391 2.644053,-8.26449 17.712045,-19.16124 2.547395,-1.8422 5.864338,-2.32933 8.924311,-3.0501 1.30583,-0.30758 2.755368,-0.43429 4.024693,0 0.583883,0.19978 0.723826,1.04937 0.822698,1.6585 0.32022,1.97283 0.151138,4.00057 0.417375,5.98141 0.710483,5.28606 1.638327,9.92183 3.829876,14.79886 1.092911,2.43215 3.48602,7.49288 7.069576,7.71911 0.882486,0.0557 1.821908,0.0287 2.632903,-0.32372 5.058724,-2.19805 9.977344,-4.71311 14.860644,-7.27737 5.0566,-2.65526 14.77844,-7.71415 17.67128,-13.34588 1.45595,-2.83442 1.23541,-6.32716 1.0117,-9.50578 -0.0677,-0.96227 -1.08792,-1.62874 -1.838,-2.23531 -2.22372,-1.79825 -4.5721,-2.4314 -7.39111,-2.72008 -1.51663,-0.15531 -3.11896,-0.45611 -4.57371,0 -3.36817,1.05604 -9.49929,5.89059 -11.97085,7.93739 -3.00758,2.49071 -5.872481,5.14891 -8.823818,7.70602 -2.37699,2.05948 -4.773038,4.09686 -7.161009,6.14361 -2.078619,1.78159 -4.079547,3.65838 -6.238758,5.3414 -1.399289,1.09069 -2.939603,1.98735 -4.41933,2.96613 -1.064173,0.70391 -2.050093,1.55488 -3.212129,2.08178 -0.675294,0.30619 -1.458759,0.26991 -2.193539,0.36928 -1.006189,0.13608 -1.483535,-0.40745 -1.806922,-1.77546 -0.728773,-3.08288 -4.073554,-17.61426 -2.822363,-23.2697 1.155644,-5.22358 3.48484,-6.16759 8.080534,-7.54695 1.67174,-0.50175 3.421615,-1.0325 5.160827,-0.8855 5.953083,0.50316 10.854502,5.04303 14.638414,9.08745 2.431468,2.59886 4.04485,5.85892 6.173963,8.71077 1.95771,2.62226 4.24036,5.00136 6.08243,7.70611 0.98783,1.45046 1.53828,3.1557 2.36809,4.70199 0.3267,0.60879 0.59744,1.28198 1.09846,1.75772 0.5336,0.50669 1.22702,0.83532 1.91294,1.10176 0.53976,0.20966 1.1382,0.39639 1.71009,0.30556 1.24258,-0.19737 2.39105,-0.78483 3.59556,-1.14827 3.58248,-1.08095 7.17735,-2.12038 10.76479,-3.18473 5.60513,-1.66297 6.55968,-1.4672 11.27753,-4.65763 0.31176,-0.21082 1.64423,-1.56456 1.75352,-2.33455 0.0842,-0.59331 0,-1.19852 0,-1.79778 0,-0.46705 0,-0.93411 0,-1.40116 0,-2.77437 0.39931,-3.13246 -2.66886,-5.6378 -3.17364,-2.59147 -6.07936,-0.49453 -8.9437,1.77803 -4.54316,3.60452 -6.87341,8.86089 -8.75191,14.17701 -0.94596,2.67705 -1.58955,5.47139 -1.98803,8.28256 -0.54232,3.82588 -0.48614,6.46738 1.93519,9.467 0.98313,1.21793 2.39309,2.17629 3.9444,2.40065 0.34308,0.0496 0.70852,0.10157 1.03996,0 0.74062,-0.22698 1.36868,-0.75317 2.11338,-0.96641 2.08183,-0.59611 4.21512,-0.99638 6.33217,-1.45188 2.17342,-0.46763 4.40248,-0.69955 6.5381,-1.31726 0.68842,-0.19912 1.20851,-0.7739 1.84307,-1.10694 0.0785,-0.0412 0.17906,0.0171 0.26608,0 0.347,-0.0683 0.7028,-0.12055 1.02983,-0.2552 1.11804,-0.46032 2.22773,-0.94945 3.29158,-1.52403 0.0744,-0.0402 -0.022,-0.17207 0,-0.25374 0.0677,-0.25107 0.0943,-0.53814 0.26608,-0.73333 1.3456,-1.5286 3.01101,-2.7735 4.2462,-4.39263 0.71009,-0.9308 0.96507,-2.13541 1.52022,-3.16615 0.911,-1.69141 1.79863,-3.40388 2.87534,-4.99495 2.64542,-2.56818 0.85604,-0.39078 1.7378,-2.23185 0.0357,-0.0744 0,0.16502 0,0.24753 0,0.16959 0,0.33918 0,0.50876 0,1.21553 0.13436,2.43851 0,3.64659 -0.45402,4.08239 -1.9352,5.40342 -4.60391,9.15632 -2.01413,2.83238 -4.77045,5.41811 -8.61458,5.70072 -4.83636,0.35555 -9.67928,-0.77442 -14.46383,-1.56488 -5.23731,-0.86526 -28.83982,-7.45842 -30.27508,-7.88299 -1.055334,-0.31217 -1.97211,-0.99629 -3.018029,-1.33868 -0.3394,-0.1111 -0.715899,0.0343 -1.07137,0 -5.242462,-0.50614 -0.834498,-0.39451 -5.595937,-0.39451 -0.97803,0 -1.956062,0 -2.934094,0 -0.354772,0 -0.754145,-0.1722 -1.064321,0 -2.824588,1.56818 -6.522823,5.49499 -7.956912,7.61353 -1.22844,1.81474 -1.752455,4.01738 -2.655054,6.01429 -0.907339,2.00739 -1.984688,3.94169 -2.774551,5.99814 -0.753695,1.96229 -1.100013,4.06464 -1.845379,6.0301 -2.735434,5.40827 -1.117814,1.5617 -2.222058,5.34504 -0.238265,0.81635 -0.556744,1.60795 -0.791972,2.42518 -0.01257,0.0437 0.118507,0.61053 -0.252796,0.3263 -0.05122,-0.0392 0.03147,-0.13721 0,-0.19352 -0.176342,-0.31551 -0.38177,-0.61614 -0.609431,-0.89687 -0.701058,-0.86449 -1.503494,-1.64605 -2.173499,-2.53483 -0.232092,-0.30787 -0.341397,-0.69145 -0.517284,-1.03455 -0.926534,-1.80736 -1.885048,-3.59848 -2.789946,-5.41677 -1.35078,-2.71425 -2.938852,-5.33133 -3.976654,-8.17996 -2.021988,-5.55009 -2.136174,-9.02286 -2.488948,-14.63703 -0.230156,-3.66277 -0.454896,-7.32654 -0.596016,-10.99381 -0.148535,-3.8599 -0.167717,-5.66606 1.137986,-9.44587 0.766418,-2.21867 3.317433,-6.8375 5.130882,-8.27462 0.539234,-0.42733 4.859115,-0.44493 5.335214,-0.36703 2.018316,0.33023 4.094342,0.60764 5.966021,1.43193 4.625602,2.03715 9.571061,5.9527 12.986226,9.6486 1.603272,1.73506 2.910229,3.72464 4.26966,5.65671 3.051427,4.33678 0.576445,2.05121 3.092567,4.03328 0.421552,0.33208 0.742257,0.84864 1.254299,1.00924 5.217652,1.63649 11.290626,2.88406 16.815096,2.58846 3.11113,-0.16646 6.20093,-0.74263 9.23044,-1.4699 2.69504,-0.64698 8.038,-2.50166 10.43358,-4.69459 1.47972,-1.35454 2.4326,-5.15201 2.63112,-6.74037 0.4624,-3.69974 -0.31254,-7.86275 -1.53045,-11.2925 -0.67792,-1.90909 -1.52078,-3.80659 -2.73824,-5.42585 -3.05201,-4.05927 -8.21984,-6.50942 -12.78127,-8.12471 -2.21614,-0.78477 -4.56677,-1.41463 -6.91744,-1.37597 -2.79938,0.0461 -5.614,0.65577 -8.24053,1.62529 -2.41307,0.89073 -4.477317,2.53558 -6.67088,3.87892 -7.645484,4.68212 -8.945134,5.76728 -16.49867,11.10705 -5.173014,3.65693 -5.429599,4.29752 -10.430402,6.59826 -3.278171,1.50819 -4.418163,2.08647 -8.128637,1.51984 -5.20885,-0.79545 -5.95875,-1.54347 -9.828601,-5.05591 -1.079961,-0.98022 -1.949562,-2.17232 -2.989895,-3.19449 -0.141468,-0.139 -0.367147,-0.15607 -0.532162,-0.26608 -0.104365,-0.0696 -0.154956,-0.20791 -0.266081,-0.26609 -0.07152,-0.0374 -0.183197,0.0551 -0.242173,0 -0.31477,-0.29418 -0.541359,-0.67061 -0.823643,-0.99609 -0.08295,-0.0956 -0.157863,-0.2093 -0.271015,-0.26608 -0.112331,-0.0564 -0.335608,0.0431 -0.45739,0 -0.187537,-0.0664 -0.348285,-0.19753 -0.537099,-0.26015 -0.07826,-0.026 -0.171874,0.0332 -0.247341,0 -1.288433,-0.56682 -2.629294,-1.04703 -3.824123,-1.79116 -3.42623,-2.13383 -6.641505,-4.58991 -10.004907,-6.82146 -1.060357,-0.70352 -2.153409,-1.35858 -3.263024,-1.98152 -0.584011,-0.32787 -1.263562,-0.50025 -1.936456,-0.33997 -0.0822,0.0196 0,0.169 0,0.25351"
       id="path121" />
  </g>
</svg>
